182 57
180 51
164 74
171 67
170 78
187 58
161 53
163 71
171 72
180 89
158 75
183 82
163 64
173 77
151 46
172 50
158 37
174 75
172 48
151 53
151 42
182 44
188 108
153 54
157 59
167 67
178 68
152 67
168 62
154 42
187 100
163 43
160 65
161 44
171 41
150 67
183 69
174 88
188 55
186 56
185 101
162 58
162 52
153 42
175 44
184 58
152 62
176 51
176 57
150 43
162 59
150 63
178 68
159 49
163 39
167 50
187 105
184 102
171 39
181 82
160 45
188 46
173 90
177 67
183 53
168 76
163 53
175 72
185 66
178 50
167 65
181 98
163 35
162 74
181 44
172 83
185 61
184 46
177 84
182 89
150 68
178 96
154 40
185 47
185 80
161 78
166 73
176 90
166 79
155 34
184 51
174 43
187 65
153 50
158 73
170 71
168 50
160 38
150 60
163 47
153 35
150 56
182 66
152 47
163 66
183 63
161 45
163 54
154 49
158 73
159 40
169 72
187 81
168 43
155 60
159 53
165 37
174 70
185 98
189 62
159 65
160 52
188 97
174 48
175 57
166 65
163 45
186 59
182 46
156 47
176 57
179 88
168 77
169 79
156 70
173 51
171 39
161 34
161 65
169 77
154 53
181 51
156 35
163 56
170 44
167 60
164 63
172 85
185 102
185 89
181 90
153 70
186 92
182 94
185 71
180 54
183 86
151 63
182 80
174 88
151 55
151 61
172 82
180 95
187 103
177 84
160 76
174 61
172 46
187 66
187 73
189 62
170 59
152 69
186 64
175 49
163 73
171 86
184 96
150 64
174 63
179 57
177 84
187 74
153 57
162 38
151 48
161 75
174 71
189 91
150 30
181 53
164 82
154 36
158 34
153 52
166 78
155 32
165 38
187 67
184 82
168 44
179 85
161 67
185 77
185 82
183 57
162 60
177 69
163 35
164 63
180 91
166 43
187 79
177 89
163 58
166 52
176 86
166 72
161 46
179 45
163 78
183 83
170 52
174 87
163 61
174 81
186 93
150 37
189 88
162 58
186 70
170 72
171 76
173 40
154 43
177 51
155 53
157 53
171 65
161 72
165 46
175 93
150 57
164 37
171 63
176 74
174 47
162 56
177 84
173 74
180 79
162 69
156 65
188 52
171 39
186 97
